700,5
700,4
700,3
700,2
700,1
700,0
699,4
699,3
699,2
699,1
699,0
698,3
698,2
698,1
698,0
697,3
697,2
697,1
697,0
696,3
696,2
696,1
696,0
695,3
695,2
695,1
695,0
694,3
694,2
694,1
694,0
693,3
693,2
693,1
693,0
692,5
692,4
692,3
692,2
692,1
692,0
691,4
691,3
691,2
691,1
691,0
690,3
690,2
690,1
690,0
689,3
689,2
689,1
689,0
688,4
688,3
688,2
688,1
688,0
687,3
687,2
687,1
687,0
686,3
686,2
686,1
686,0
685,5
685,4
685,3
685,2
685,1
685,0
684,4
684,3
684,2
684,1
684,0
683,3
683,2
683,1
683,0
682,4
682,3
682,2
682,1
682,0
681,3
681,2
681,1
681,0
680,3
680,2
680,1
680,0
679,3
679,2
679,1
679,0
678,3
678,2
678,1
678,0
677,5
677,4
677,3
677,2
677,1
677,0
676,4
676,3
676,2
676,1
676,0
675,3
675,2
675,1
675,0
674,3
674,2
674,1
674,0
673,3
673,2
673,1
673,0
672,5
672,4
672,3
672,2
672,1
672,0
671,4
671,3
671,2
671,1
671,0
670,3
670,2
670,1
670,0
669,3
669,2
669,1
669,0
668,4
668,3
668,2
668,1
668,0
667,3
667,2
667,1
667,0
666,3
666,2
666,1
666,0
665,5
665,4
665,3
665,2
665,1
665,0
664,4
664,3
664,2
664,1
664,0
663,3
663,2
663,1
663,0
662,4
662,3
662,2
662,1
662,0
661,3
661,2
661,1
661,0
660,3
660,2
660,1
660,0
659,3
659,2
659,1
659,0
658,3
658,2
658,1
658,0
657,5
657,4
657,3
657,2
657,1
657,0
656,4
656,3
656,2
656,1
656,0
655,3
655,2
655,1
655,0
654,3
654,2
654,1
654,0
653,3
653,2
653,1
653,0
652,5
652,4
652,3
652,2
652,1
652,0
651,4
651,3
651,2
651,1
651,0
650,3
650,2
650,1
650,0
649,3
649,2
649,1
649,0
648,4
648,3
648,2
648,1
648,0
647,3
647,2
647,1
647,0
646,3
646,2
646,1
646,0
645,5
645,4
645,3
645,2
645,1
645,0
644,4
644,3
644,2
644,1
644,0
643,3
643,2
643,1
643,0
642,4
642,3
642,2
642,1
642,0
641,3
641,2
641,1
641,0
640,3
640,2
640,1
640,0
639,3
639,2
639,1
639,0
638,3
638,2
638,1
638,0
637,3
637,2
637,1
637,0
636,3
636,2
636,1
636,0
635,3
635,2
635,1
635,0
634,5
634,4
634,3
634,2
634,1
634,0
633,4
633,3
633,2
633,1
633,0
632,3
632,2
632,1
632,0
631,3
631,2
631,1
631,0
630,4
630,3
630,2
630,1
630,0
629,3
629,2
629,1
629,0
628,3
628,2
628,1
628,0
627,5
627,4
627,3
627,2
627,1
627,0
626,4
626,3
626,2
626,1
626,0
625,3
625,2
625,1
625,0
624,4
624,3
624,2
624,1
624,0
623,3
623,2
623,1
623,0
622,3
622,2
622,1
622,0
621,3
621,2
621,1
621,0
620,3
620,2
620,1
620,0
619,3
619,2
619,1
619,0
618,3
618,2
618,1
618,0
617,3
617,2
617,1
617,0
616,5
616,4
616,3
616,2
616,1
616,0
615,4
615,3
615,2
615,1
615,0
614,3
614,2
614,1
614,0
613,3
613,2
613,1
613,0
612,4
612,3
612,2
612,1
612,0
611,3
611,2
611,1
611,0
610,3
610,2
610,1
610,0
609,5
609,4
609,3
609,2
609,1
609,0
608,4
608,3
608,2
608,1
608,0
607,3
607,2
607,1
607,0
606,4
606,3
606,2
606,1
606,0
605,3
605,2
605,1
605,0
0,310
0,305
0,308
0,307
0,302
0,304
0,303
0,12
0,10
0,8
0,0
0,481
0,300
0,544
0,480
0,299
0,560
0,479
0,298
0,559
0,478
0,297
0,416
0,477
0,296
0,527
0,397
0,295
0,543
0,504
0,294
0,474
0,293
0,542
0,332
0,292
0,557
0,471
0,291
0,526
0,473
0,290
0,470
0,487
0,289
0,564
0,468
0,288
0,467
0,466
0,287
0,465
0,476
0,286
0,463
0,462
0,285
0,461
0,460
0,284
0,541
0,283
0,508
0,459
0,282
0,510
0,458
0,281
0,506
0,457
0,280
0,540
0,505
0,279
0,507
0,456
0,278
0,485
0,455
0,277
0,503
0,454
0,276
0,525
0,453
0,275
0,524
0,452
0,274
0,502
0,451
0,273
0,539
0,450
0,272
0,501
0,271
0,556
0,448
0,270
0,500
0,528
0,269
0,499
0,475
0,268
0,391
0,445
0,267
0,555
0,498
0,266
0,497
0,444
0,265
0,538
0,464
0,264
0,496
0,442
0,263
0,553
0,441
0,262
0,566
0,558
0,261
0,536
0,495
0,260
0,493
0,440
0,259
0,523
0,469
0,258
0,492
0,438
0,257
0,551
0,437
0,256
0,550
0,522
0,255
0,552
0,491
0,254
0,436
0,253
0,534
0,435
0,252
0,519
0,434
0,251
0,512
0,433
0,250
0,518
0,490
0,249
0,489
0,432
0,248
0,431
0,562
0,247
0,488
0,430
0,246
0,421
0,429
0,245
0,420
0,565
0,244
0,419
0,384
0,242
0,428
0,570
0,341
2,1
0,349
0,350
1,1
601,0
0,366
0,369
0,374
0,376
0,379
0,381
0,382
604,1
0,387
0,408
0,410
0,439
600,1
600,4
604,4
598,0
598,3
0,449
598,1
0,511
0,549
3,1
3,3
592,1
592,2
593,0
593,1
593,3
595,0
595,1
595,3
596,0
596,2
596,4
597,0
597,2
597,3
597,5
600,2
601,2
604,2
598,2
597,4
597,1
596,3
596,1
595,2
593,4
593,2
592,3
592,0
3,0
0,535
0,494
0,447
604,5
0,443
600,3
600,0
0,386
604,3
604,0
601,1
601,3
0,354
1,3
1,0
2,3
0,322
0,243
2,0
0,9
0,241
0,422
0,363
0,240
0,418
0,362
0,239
0,364
0,361
0,238
0,415
0,360
0,237
0,331
0,359
0,236
0,486
0,342
0,235
0,427
0,574
0,234
0,413
0,356
0,233
0,414
0,412
0,232
0,426
0,355
0,231
0,548
0,335
0,230
0,484
0,353
0,229
0,425
0,352
0,228
0,424
0,411
0,227
0,517
0,226
0,351
0,225
0,409
0,521
0,224
0,407
0,389
0,223
0,399
0,348
0,222
0,423
0,398
0,221
0,483
0,220
0,385
0,347
0,219
0,573
0,346
0,218
0,336
0,345
0,217
0,569
0,344
0,216
0,516
0,472
0,215
0,319
0,343
0,214
0,380
0,330
0,213
0,396
0,554
0,212
0,340
0,211
0,395
0,446
0,210
0,533
0,406
0,209
0,339
0,208
0,572
0,338
0,207
0,377
0,337
0,206
0,394
0,358
0,205
0,515
0,520
0,204
0,334
0,203
0,547
0,357
0,202
0,545
0,333
0,201
0,373
0,327
0,200
0,383
0,393
0,199
0,392
0,568
0,198
0,532
0,567
0,197
0,329
0,514
0,196
0,328
0,575
0,195
0,372
0,326
0,194
0,404
0,371
0,193
0,563
0,370
0,192
0,571
0,325
0,63
0,378
0,324
0,62
0,405
0,323
0,61
0,375
0,321
0,60
0,390
0,417
0,59
0,368
0,320
0,58
0,403
0,367
0,57
0,402
0,318
0,56
0,317
0,55
0,400
0,365
0,54
0,401
0,388
0,53
0,531
0,316
0,52
0,537
0,315
0,51
0,513
0,314
0,50
0,530
0,313
0,49
0,546
0,312
0,48
0,482
0,311
0,47
0,529
0,309
0,46
0,509
0,306
0,45
0,561
0,301
0,6
0,5
0,1
0,11
0,4
0,2
0,3
0,7
